image: mapf.png
resolution: 1.00000
origin: [-7.50, -0.45, 0.000000]
negate: 0
occupied_thresh: 0.65
free_thresh: 0.196

